0 0.403125 0.896875 0.403125 0.907813 0.404687 0.907813 0.406250 0.909375 0.412500 0.909375 0.412500 0.903125 0.407813 0.903125 0.406250 0.901563 0.406250 0.896875
0 0.445312 0.892188 0.445312 0.896875 0.448437 0.896875 0.450000 0.895312 0.451562 0.895312 0.451562 0.892188
0 0.428125 0.884375 0.425000 0.884375 0.423438 0.885938 0.423438 0.890625 0.420312 0.893750 0.415625 0.893750 0.415625 0.900000 0.423438 0.900000 0.423438 0.896875 0.425000 0.895312 0.428125 0.895312 0.428125 0.890625 0.429688 0.889062 0.429688 0.885938
0 0.482812 0.879687 0.482812 0.882812 0.487500 0.882812 0.487500 0.879687
0 0.228125 0.832812 0.228125 0.851562 0.237500 0.853125 0.239063 0.857812 0.243750 0.859375 0.243750 0.864062 0.248438 0.865625 0.248438 0.873437 0.259375 0.878125 0.259375 0.870313 0.256250 0.860938 0.253125 0.859375 0.253125 0.850000 0.250000 0.850000 0.248438 0.854688 0.242188 0.854688 0.239063 0.831250 0.234375 0.829688 0.232813 0.832812
0 0.220312 0.807813 0.220312 0.812500 0.221875 0.814063 0.221875 0.817187 0.223438 0.818750 0.223438 0.820312 0.226562 0.820312 0.228125 0.818750 0.229687 0.818750 0.229687 0.817187 0.231250 0.815625 0.232813 0.815625 0.232813 0.812500 0.229687 0.812500 0.225000 0.807813
0 0.162500 0.807813 0.162500 0.810937 0.167187 0.810937 0.167187 0.807813
0 0.209375 0.740625 0.204687 0.767188 0.215625 0.768750 0.215625 0.782813 0.206250 0.784375 0.206250 0.790625 0.209375 0.792188 0.210938 0.806250 0.215625 0.806250 0.217188 0.796875 0.232813 0.796875 0.232813 0.785937 0.239063 0.784375 0.240625 0.778125 0.239063 0.767188 0.231250 0.764062 0.231250 0.750000 0.217188 0.751563 0.215625 0.740625
0 0.221875 0.729688 0.220312 0.731250 0.220312 0.739062 0.225000 0.739062 0.226562 0.737500 0.228125 0.737500 0.229687 0.735938 0.229687 0.729688
0 0.160938 0.710938 0.160938 0.717187 0.164062 0.718750 0.164062 0.725000 0.156250 0.728125 0.153125 0.740625 0.164062 0.740625 0.165625 0.742188 0.165625 0.753125 0.168750 0.753125 0.168750 0.745313 0.165625 0.743750 0.167187 0.731250 0.164062 0.729688 0.164062 0.721875 0.167187 0.720313 0.168750 0.714063
0 0.235937 0.695312 0.229687 0.695312 0.228125 0.696875 0.225000 0.696875 0.225000 0.703125 0.226562 0.704688 0.226562 0.712500 0.228125 0.714063 0.228125 0.715625 0.232813 0.715625 0.232813 0.712500 0.234375 0.710938 0.235937 0.710938
0 0.478125 0.657813 0.475000 0.657813 0.475000 0.660937 0.473438 0.662500 0.464062 0.662500 0.464062 0.665625 0.465625 0.667188 0.465625 0.670312 0.467187 0.670312 0.468750 0.671875 0.471875 0.671875 0.473438 0.670312 0.479687 0.670312 0.479687 0.667188 0.478125 0.665625
0 0.176563 0.656250 0.171875 0.675000 0.175000 0.675000 0.178125 0.681250 0.173437 0.710938 0.184375 0.714063 0.182812 0.692187 0.190625 0.682813 0.190625 0.676562 0.200000 0.675000 0.201563 0.660937 0.198437 0.660937 0.195312 0.665625 0.189062 0.665625 0.182812 0.660937 0.181250 0.656250
0 0.435937 0.640625 0.435937 0.643750 0.439063 0.643750 0.440625 0.645312 0.440625 0.646875 0.446875 0.646875 0.446875 0.643750 0.445312 0.643750 0.443750 0.642188 0.442188 0.642188 0.440625 0.640625 0.440625 0.639062 0.437500 0.639062
0 0.412500 0.635938 0.412500 0.640625 0.414062 0.642188 0.414062 0.651563 0.423438 0.651563 0.423438 0.650000 0.425000 0.648438 0.426563 0.648438 0.426563 0.643750 0.425000 0.643750 0.423438 0.642188 0.423438 0.640625 0.420312 0.640625 0.415625 0.635938
0 0.253125 0.635938 0.250000 0.635938 0.245312 0.643750 0.248438 0.665625 0.246875 0.670312 0.243750 0.671875 0.242188 0.684375 0.239063 0.685937 0.239063 0.690625 0.251563 0.692187 0.253125 0.671875 0.256250 0.670312 0.256250 0.653125 0.254688 0.651563 0.256250 0.639062
0 0.398438 0.631250 0.398438 0.637500 0.400000 0.639062 0.403125 0.639062 0.403125 0.635938 0.404687 0.634375 0.406250 0.634375 0.406250 0.631250
0 0.431250 0.626563 0.431250 0.629687 0.435937 0.629687 0.435937 0.626563
0 0.550000 0.584375 0.517188 0.748437 0.532813 0.775000 0.517188 0.787500 0.559375 0.935937 0.560937 0.881250 0.620313 0.884375 0.626563 0.862500 0.601562 0.867188 0.596875 0.664062 0.618750 0.671875 0.620313 0.656250 0.564063 0.642188
