0 0.568750 0.918750 0.565625 0.918750 0.564063 0.920312 0.562500 0.920312 0.562500 0.923438 0.568750 0.923438
0 0.554688 0.903125 0.554688 0.906250 0.564063 0.906250 0.565625 0.904687 0.570312 0.904687 0.570312 0.901563 0.568750 0.901563 0.567187 0.900000 0.557813 0.900000 0.557813 0.901563 0.556250 0.903125
0 0.610938 0.890625 0.607812 0.890625 0.607812 0.896875 0.604688 0.898438 0.603125 0.903125 0.592187 0.903125 0.589063 0.892188 0.581250 0.892188 0.581250 0.898438 0.584375 0.900000 0.584375 0.904687 0.590625 0.906250 0.598437 0.914062 0.604688 0.914062 0.606250 0.912500 0.607812 0.896875 0.610938 0.895312
0 0.521875 0.870313 0.521875 0.873437 0.523438 0.875000 0.523438 0.892188 0.526563 0.892188 0.531250 0.895312 0.534375 0.895312 0.534375 0.885938 0.531250 0.885938 0.529687 0.884375 0.529687 0.878125 0.528125 0.876563 0.528125 0.871875 0.526563 0.871875 0.525000 0.870313
0 0.492188 0.864062 0.492188 0.868750 0.495312 0.868750 0.495312 0.864062
0 0.496875 0.845313 0.496875 0.850000 0.500000 0.850000 0.500000 0.845313
0 0.790625 0.809375 0.775000 0.812500 0.775000 0.821875 0.771875 0.823438 0.773438 0.837500 0.767188 0.840625 0.765625 0.854688 0.759375 0.856250 0.757812 0.868750 0.768750 0.864062 0.770312 0.859375 0.775000 0.859375 0.775000 0.856250 0.782813 0.851562 0.785937 0.842187 0.781250 0.839063 0.781250 0.831250 0.775000 0.828125 0.775000 0.820312 0.789062 0.820312
0 0.840625 0.795312 0.840625 0.800000 0.843750 0.800000 0.845313 0.798438 0.845313 0.795312
0 0.676562 0.793750 0.676562 0.800000 0.679688 0.800000 0.679688 0.793750
0 0.793750 0.739062 0.792188 0.748437 0.776563 0.748437 0.778125 0.764062 0.770312 0.767188 0.771875 0.778125 0.778125 0.781250 0.776563 0.796875 0.793750 0.796875 0.795312 0.806250 0.801562 0.806250 0.806250 0.781250 0.796875 0.779687 0.796875 0.768750 0.806250 0.767188 0.806250 0.756250 0.801562 0.740625
0 0.789062 0.735938 0.789062 0.732812 0.787500 0.731250 0.787500 0.728125 0.785937 0.726562 0.782813 0.726562 0.782813 0.728125 0.781250 0.729688 0.773438 0.729688 0.773438 0.732812 0.778125 0.732812 0.779687 0.734375 0.779687 0.735938
0 0.829688 0.651563 0.828125 0.656250 0.807813 0.660937 0.807813 0.668750 0.820312 0.676562 0.828125 0.690625 0.825000 0.720313 0.831250 0.710938 0.843750 0.715625 0.842187 0.753125 0.845313 0.753125 0.846875 0.740625 0.857812 0.737500 0.857812 0.728125 0.850000 0.721875 0.848437 0.710938 0.837500 0.709375 0.834375 0.692187 0.837500 0.659375
0 0.535937 0.650000 0.526563 0.651563 0.526563 0.653125 0.523438 0.654687 0.523438 0.659375 0.521875 0.660937 0.521875 0.664062 0.523438 0.665625 0.523438 0.678125 0.529687 0.678125 0.534375 0.675000 0.539062 0.675000 0.539062 0.668750 0.542188 0.667188 0.542188 0.664062 0.534375 0.664062 0.532813 0.662500 0.532813 0.654687 0.535937 0.653125
0 0.565625 0.640625 0.562500 0.640625 0.560937 0.642188 0.557813 0.642188 0.557813 0.648438 0.560937 0.648438 0.562500 0.646875 0.567187 0.646875 0.567187 0.643750 0.565625 0.642188
0 0.607812 0.635938 0.604688 0.632812 0.598437 0.632812 0.593750 0.640625 0.585938 0.640625 0.581250 0.643750 0.581250 0.648438 0.578125 0.650000 0.578125 0.653125 0.579688 0.654687 0.590625 0.653125 0.590625 0.642188 0.598437 0.640625 0.601562 0.651563 0.607812 0.653125 0.609375 0.657813 0.612500 0.657813
0 0.751563 0.631250 0.753125 0.668750 0.757812 0.676562 0.759375 0.692187 0.767188 0.693750 0.767188 0.704688 0.773438 0.707812 0.775000 0.715625 0.784375 0.717187 0.784375 0.696875 0.778125 0.690625 0.773438 0.690625 0.765625 0.678125 0.759375 0.635938
0 0.564063 0.623437 0.564063 0.626563 0.565625 0.626563 0.567187 0.628125 0.567187 0.629687 0.570312 0.629687 0.570312 0.626563 0.568750 0.625000 0.568750 0.623437
0 0.450000 0.587500 0.437500 0.621875 0.446875 0.664062 0.432812 0.650000 0.379688 0.664062 0.404687 0.670312 0.409375 0.748437 0.404687 0.878125 0.381250 0.871875 0.379688 0.884375 0.431250 0.896875 0.445312 0.881250 0.440625 0.935937 0.453125 0.935937 0.467187 0.875000 0.482812 0.873437 0.484375 0.696875
