0 0.650000 0.906250 0.646875 0.906250 0.645312 0.904687 0.639062 0.904687 0.637500 0.906250 0.631250 0.906250 0.631250 0.907813 0.629687 0.909375 0.626563 0.909375 0.626563 0.912500 0.635938 0.912500 0.637500 0.910937 0.650000 0.910937
0 0.712500 0.890625 0.665625 0.892188 0.662500 0.893750 0.660937 0.910937 0.665625 0.912500 0.670312 0.907813 0.678125 0.907813 0.712500 0.893750
0 0.625000 0.793750 0.618750 0.795312 0.603125 0.843750 0.576562 0.831250 0.582812 0.846875 0.578125 0.857812 0.592187 0.873437 0.600000 0.915625 0.575000 0.932813 0.621875 0.925000 0.621875 0.918750 0.604688 0.910937 0.620313 0.807813 0.628125 0.801562
0 0.626563 0.782813 0.626563 0.785937 0.631250 0.785937 0.631250 0.782813
0 0.789062 0.739062 0.785937 0.739062 0.785937 0.740625 0.784375 0.742188 0.781250 0.742188 0.781250 0.745313 0.784375 0.745313 0.784375 0.743750 0.785937 0.742188 0.789062 0.742188
0 0.793750 0.721875 0.793750 0.725000 0.798438 0.725000 0.798438 0.721875
0 0.668750 0.714063 0.668750 0.720313 0.675000 0.720313 0.676562 0.718750 0.678125 0.718750 0.678125 0.712500 0.671875 0.712500 0.670312 0.714063
0 0.617188 0.721875 0.617188 0.728125 0.628125 0.737500 0.632812 0.737500 0.635938 0.743750 0.660937 0.739062 0.678125 0.742188 0.678125 0.737500 0.673438 0.734375 0.659375 0.737500 0.656250 0.732812 0.639062 0.731250 0.639062 0.720313 0.657813 0.718750 0.657813 0.714063 0.643750 0.707812 0.637500 0.707812
0 0.551562 0.679688 0.543750 0.681250 0.543750 0.684375 0.570312 0.714063 0.573438 0.725000 0.540625 0.753125 0.542188 0.762500 0.554688 0.757812 0.570312 0.737500 0.585938 0.725000 0.585938 0.718750 0.575000 0.710938 0.564063 0.690625
0 0.676562 0.548438 0.681250 0.551562 0.681250 0.562500 0.725000 0.568750 0.740625 0.565625 0.740625 0.559375 0.706250 0.550000 0.704688 0.545312 0.695312 0.543750 0.693750 0.540625 0.679688 0.540625
0 0.645312 0.535937 0.645312 0.542188 0.646875 0.543750 0.653125 0.543750 0.654687 0.545312 0.659375 0.545312 0.660937 0.546875 0.660937 0.550000 0.664062 0.550000 0.664062 0.546875 0.662500 0.546875 0.660937 0.545312 0.660937 0.542188 0.659375 0.542188 0.656250 0.537500 0.651563 0.537500 0.650000 0.535937
0 0.595313 0.510938 0.618750 0.540625 0.587500 0.617188 0.615625 0.604688 0.626563 0.654687 0.635938 0.667188 0.621875 0.590625 0.621875 0.537500 0.643750 0.531250 0.645312 0.521875
