0 0.393750 0.914062 0.393750 0.917188 0.401562 0.917188 0.403125 0.918750 0.403125 0.920312 0.406250 0.923438 0.409375 0.923438 0.409375 0.915625 0.400000 0.915625 0.398438 0.914062
0 0.212500 0.821875 0.207813 0.821875 0.206250 0.823438 0.204687 0.823438 0.201563 0.826562 0.201563 0.828125 0.200000 0.829688 0.198437 0.829688 0.198437 0.832812 0.196875 0.834375 0.196875 0.839063 0.200000 0.842187 0.204687 0.842187 0.204687 0.840625 0.206250 0.839063 0.207813 0.839063 0.209375 0.834375 0.212500 0.831250
0 0.221875 0.806250 0.221875 0.817187 0.223438 0.818750 0.226562 0.818750 0.226562 0.814063 0.225000 0.812500 0.225000 0.806250
0 0.304688 0.803125 0.304688 0.804688 0.301563 0.809375 0.301563 0.812500 0.303125 0.814063 0.304688 0.818750 0.310937 0.818750 0.312500 0.817187 0.314063 0.817187 0.317188 0.814063 0.317188 0.807813 0.314063 0.804688 0.312500 0.804688 0.310937 0.803125
0 0.196875 0.776563 0.196875 0.779687 0.198437 0.781250 0.198437 0.792188 0.200000 0.792188 0.201563 0.793750 0.201563 0.795312 0.206250 0.798438 0.214062 0.798438 0.214062 0.795312 0.212500 0.793750 0.210938 0.789062 0.209375 0.789062 0.207813 0.787500 0.207813 0.784375 0.204687 0.781250 0.201563 0.781250 0.200000 0.779687 0.200000 0.776563
0 0.510938 0.760938 0.489063 0.768750 0.482812 0.757812 0.471875 0.756250 0.471875 0.762500 0.462500 0.765625 0.465625 0.785937 0.459375 0.801562 0.465625 0.801562 0.471875 0.814063 0.460938 0.820312 0.460938 0.829688 0.467187 0.834375 0.464062 0.857812 0.471875 0.868750 0.489063 0.857812 0.510938 0.860938 0.509375 0.851562 0.498437 0.850000 0.501563 0.837500 0.492188 0.831250 0.492188 0.821875 0.476562 0.817187 0.476562 0.810937 0.492188 0.801562 0.498437 0.773438 0.510938 0.767188
0 0.404687 0.718750 0.356250 0.726562 0.342187 0.754687 0.342187 0.796875 0.328125 0.806250 0.329688 0.818750 0.342187 0.825000 0.342187 0.873437 0.353125 0.892188 0.407813 0.901563 0.412500 0.868750 0.403125 0.862500 0.390625 0.804688 0.403125 0.760938 0.417187 0.742188
0 0.404687 0.700000 0.404687 0.706250 0.409375 0.706250 0.409375 0.700000
0 0.207813 0.687500 0.207813 0.692187 0.210938 0.692187 0.210938 0.687500
0 0.587500 0.679688 0.587500 0.684375 0.590625 0.684375 0.590625 0.679688
0 0.670312 0.648438 0.660937 0.679688 0.632812 0.651563 0.609375 0.710938 0.642188 0.781250 0.615625 0.787500 0.576562 0.734375 0.557813 0.782813 0.579688 0.790625 0.579688 0.829688 0.562500 0.823438 0.578125 0.889062 0.615625 0.834375 0.648438 0.850000 0.617188 0.885938 0.625000 0.923438 0.668750 0.910937 0.646875 0.885938 0.664062 0.867188 0.646875 0.737500 0.684375 0.682813
0 0.509375 0.645312 0.509375 0.651563 0.510938 0.651563 0.512500 0.653125 0.515625 0.653125 0.517188 0.651563 0.517188 0.643750 0.512500 0.643750 0.510938 0.645312
0 0.559375 0.612500 0.556250 0.615625 0.556250 0.626563 0.557813 0.628125 0.557813 0.631250 0.562500 0.631250 0.564063 0.629687 0.568750 0.629687 0.570312 0.628125 0.570312 0.615625 0.568750 0.615625 0.567187 0.614062 0.564063 0.614062 0.562500 0.612500
0 0.625000 0.614062 0.604688 0.610938 0.601562 0.614062 0.603125 0.628125 0.596875 0.628125 0.592187 0.620313 0.579688 0.623437 0.581250 0.635938 0.575000 0.637500 0.567187 0.651563 0.581250 0.654687 0.579688 0.637500 0.595313 0.640625 0.593750 0.671875 0.607812 0.670312 0.614062 0.635938 0.626563 0.623437
0 0.512500 0.607812 0.512500 0.617188 0.515625 0.617188 0.515625 0.612500 0.517188 0.610938 0.517188 0.607812
0 0.479687 0.592187 0.473438 0.590625 0.448437 0.615625 0.406250 0.607812 0.385937 0.609375 0.370312 0.620313 0.365625 0.637500 0.371875 0.640625 0.371875 0.671875 0.384375 0.668750 0.384375 0.656250 0.396875 0.646875 0.414062 0.648438 0.417187 0.660937 0.407813 0.665625 0.406250 0.690625 0.420312 0.675000 0.423438 0.656250 0.439063 0.648438
