0 0.493750 0.935937 0.493750 0.939063 0.498437 0.939063 0.498437 0.935937
0 0.700000 0.890625 0.696875 0.890625 0.695312 0.892188 0.693750 0.892188 0.693750 0.900000 0.698438 0.900000 0.698438 0.895312 0.700000 0.893750
0 0.351562 0.868750 0.351562 0.875000 0.353125 0.876563 0.357812 0.876563 0.357812 0.868750
0 0.551562 0.862500 0.551562 0.926562 0.554688 0.931250 0.557813 0.931250 0.562500 0.901563 0.560937 0.882812 0.571875 0.881250 0.573438 0.875000 0.562500 0.878125 0.559375 0.875000 0.559375 0.862500
0 0.492188 0.860938 0.485938 0.878125 0.492188 0.904687 0.490625 0.918750 0.496875 0.918750 0.500000 0.898438 0.496875 0.896875 0.496875 0.889062 0.501563 0.882812 0.510938 0.881250 0.510938 0.876563 0.500000 0.870313 0.498437 0.862500
0 0.343750 0.840625 0.343750 0.843750 0.342187 0.845313 0.334375 0.845313 0.334375 0.848437 0.339062 0.848437 0.340625 0.850000 0.340625 0.856250 0.342187 0.859375 0.346875 0.859375 0.348438 0.857812 0.351562 0.857812 0.356250 0.853125 0.357812 0.850000 0.357812 0.845313 0.356250 0.843750 0.353125 0.843750 0.351562 0.842187
0 0.560937 0.837500 0.560937 0.840625 0.565625 0.840625 0.567187 0.842187 0.570312 0.851562 0.573438 0.851562 0.576562 0.848437 0.576562 0.843750 0.575000 0.842187 0.573438 0.842187 0.571875 0.840625 0.565625 0.840625 0.564063 0.839063 0.564063 0.837500
0 0.315625 0.839063 0.315625 0.843750 0.323437 0.843750 0.323437 0.840625 0.321875 0.839063 0.321875 0.837500 0.317188 0.837500
0 0.507812 0.812500 0.501563 0.814063 0.501563 0.828125 0.492188 0.834375 0.490625 0.839063 0.481250 0.840625 0.479687 0.850000 0.489063 0.851562 0.496875 0.846875 0.520312 0.845313 0.521875 0.840625 0.520312 0.831250 0.517188 0.828125 0.509375 0.826562
0 0.782813 0.737500 0.768750 0.743750 0.740625 0.745313 0.750000 0.759375 0.746875 0.798438 0.753125 0.820312 0.746875 0.821875 0.739062 0.835938 0.784375 0.842187 0.781250 0.831250 0.759375 0.817187 0.759375 0.764062 0.767188 0.754687 0.781250 0.750000
0 0.575000 0.731250 0.571875 0.731250 0.570312 0.732812 0.570312 0.734375 0.568750 0.735938 0.568750 0.740625 0.571875 0.740625 0.575000 0.737500 0.576562 0.737500 0.576562 0.732812
0 0.482812 0.729688 0.479687 0.732812 0.479687 0.737500 0.484375 0.742188 0.490625 0.742188 0.492188 0.746875 0.495312 0.746875 0.503125 0.753125 0.503125 0.759375 0.500000 0.765625 0.506250 0.768750 0.509375 0.765625 0.509375 0.757812 0.512500 0.756250 0.512500 0.753125 0.518750 0.751563 0.521875 0.737500 0.512500 0.732812 0.495312 0.734375 0.492188 0.731250
0 0.685937 0.728125 0.681250 0.746875 0.692187 0.754687 0.692187 0.826562 0.682813 0.831250 0.681250 0.843750 0.690625 0.853125 0.700000 0.840625 0.709375 0.837500 0.709375 0.829688 0.700000 0.825000 0.700000 0.818750 0.709375 0.815625 0.712500 0.804688 0.698438 0.793750 0.698438 0.787500 0.710938 0.781250 0.707812 0.743750
0 0.357812 0.729688 0.350000 0.723437 0.342187 0.723437 0.335938 0.729688 0.335938 0.734375 0.331250 0.737500 0.317188 0.735938 0.317188 0.740625 0.318750 0.743750 0.325000 0.742188 0.326562 0.739062 0.342187 0.739062 0.346875 0.740625 0.354687 0.735938 0.357812 0.735938
0 0.353125 0.704688 0.353125 0.707812 0.351562 0.709375 0.351562 0.712500 0.356250 0.712500 0.356250 0.704688
0 0.570312 0.698438 0.570312 0.703125 0.575000 0.703125 0.575000 0.700000 0.573438 0.698438
0 0.693750 0.689063 0.698438 0.689063 0.698438 0.687500 0.700000 0.685937 0.700000 0.681250 0.701562 0.679688 0.709375 0.679688 0.709375 0.676562 0.707812 0.676562 0.706250 0.675000 0.706250 0.673438 0.693750 0.673438
0 0.492188 0.668750 0.490625 0.681250 0.487500 0.682813 0.485938 0.703125 0.487500 0.707812 0.490625 0.709375 0.490625 0.718750 0.496875 0.720313 0.500000 0.712500 0.500000 0.706250 0.507812 0.704688 0.507812 0.700000 0.501563 0.693750 0.500000 0.689063 0.498437 0.668750
0 0.689063 0.648438 0.692187 0.657813 0.696875 0.651563 0.704688 0.651563 0.707812 0.667188 0.742188 0.659375 0.750000 0.668750 0.750000 0.693750 0.754687 0.704688 0.759375 0.664062 0.773438 0.653125
0 0.495312 0.642188 0.495312 0.646875 0.498437 0.646875 0.500000 0.645312 0.500000 0.642188
0 0.550000 0.639062 0.553125 0.645312 0.550000 0.670312 0.551562 0.717187 0.557813 0.717187 0.560937 0.703125 0.560937 0.668750 0.554688 0.639062
0 0.348438 0.632812 0.342187 0.632812 0.342187 0.635938 0.340625 0.637500 0.339062 0.637500 0.339062 0.640625 0.343750 0.640625 0.345313 0.639062 0.346875 0.639062 0.346875 0.637500 0.348438 0.635938
0 0.485938 0.623437 0.485938 0.626563 0.484375 0.628125 0.482812 0.628125 0.482812 0.631250 0.484375 0.631250 0.485938 0.632812 0.485938 0.634375 0.489063 0.634375 0.489063 0.623437
0 0.357812 0.623437 0.357812 0.628125 0.359375 0.628125 0.360938 0.629687 0.365625 0.629687 0.367188 0.628125 0.367188 0.625000 0.365625 0.623437
0 0.515625 0.621875 0.515625 0.625000 0.520312 0.628125 0.520312 0.634375 0.528125 0.634375 0.528125 0.623437 0.526563 0.621875
0 0.540625 0.623437 0.540625 0.629687 0.543750 0.629687 0.545312 0.628125 0.556250 0.628125 0.559375 0.631250 0.559375 0.634375 0.564063 0.634375 0.568750 0.631250 0.571875 0.631250 0.575000 0.628125 0.575000 0.623437 0.571875 0.621875 0.545312 0.620313
0 0.540625 0.545312 0.540625 0.548438 0.542188 0.550000 0.542188 0.554688 0.545312 0.554688 0.546875 0.556250 0.546875 0.557813 0.553125 0.557813 0.553125 0.554688 0.551562 0.553125 0.551562 0.550000 0.548438 0.546875 0.546875 0.546875 0.545312 0.545312
