0 0.368750 0.918750 0.368750 0.921875 0.370312 0.921875 0.371875 0.923438 0.376563 0.923438 0.378125 0.925000 0.384375 0.925000 0.385937 0.926562 0.390625 0.926562 0.392188 0.925000 0.392188 0.921875 0.381250 0.921875 0.378125 0.918750 0.378125 0.915625 0.371875 0.915625
0 0.792188 0.829688 0.792188 0.832812 0.793750 0.832812 0.796875 0.835938 0.796875 0.839063 0.801562 0.839063 0.801562 0.831250 0.796875 0.831250 0.795312 0.829688
0 0.712500 0.818750 0.712500 0.832812 0.717187 0.832812 0.717187 0.826562 0.718750 0.825000 0.718750 0.820312 0.717187 0.820312 0.715625 0.818750
0 0.823438 0.815625 0.820312 0.815625 0.818750 0.817187 0.818750 0.825000 0.821875 0.825000 0.823438 0.823438
0 0.792188 0.814063 0.792188 0.817187 0.793750 0.818750 0.796875 0.818750 0.798438 0.820312 0.801562 0.820312 0.801562 0.817187 0.798438 0.814063
0 0.739062 0.803125 0.740625 0.828125 0.735938 0.835938 0.737500 0.850000 0.750000 0.859375 0.750000 0.840625 0.753125 0.837500 0.773438 0.835938 0.773438 0.818750 0.764062 0.818750 0.762500 0.806250 0.757812 0.806250 0.756250 0.831250 0.745313 0.834375 0.742188 0.803125
0 0.800000 0.790625 0.796875 0.790625 0.790625 0.796875 0.790625 0.800000 0.795312 0.800000 0.796875 0.798438 0.796875 0.796875 0.800000 0.793750
0 0.309375 0.770312 0.309375 0.776563 0.303125 0.781250 0.309375 0.787500 0.309375 0.796875 0.295312 0.795312 0.290625 0.800000 0.292187 0.834375 0.298438 0.846875 0.326562 0.867188 0.332813 0.867188 0.331250 0.854688 0.314063 0.840625 0.314063 0.832812 0.321875 0.826562 0.342187 0.826562 0.339062 0.793750 0.329688 0.785937 0.318750 0.785937
0 0.817187 0.737500 0.812500 0.742188 0.806250 0.742188 0.804688 0.748437 0.800000 0.748437 0.800000 0.759375 0.795312 0.760938 0.795312 0.767188 0.800000 0.768750 0.800000 0.779687 0.804688 0.779687 0.806250 0.785937 0.812500 0.785937 0.817187 0.790625 0.829688 0.790625 0.829688 0.784375 0.837500 0.775000 0.834375 0.768750 0.834375 0.759375 0.837500 0.753125 0.829688 0.743750 0.829688 0.737500
0 0.135937 0.734375 0.131250 0.748437 0.131250 0.779687 0.135937 0.785937 0.139063 0.785937 0.139063 0.776563 0.140625 0.775000 0.139063 0.742188 0.140625 0.740625 0.140625 0.734375
0 0.790625 0.728125 0.790625 0.731250 0.796875 0.737500 0.800000 0.737500 0.800000 0.734375 0.796875 0.731250 0.796875 0.729688 0.795312 0.728125
0 0.801562 0.707812 0.798438 0.707812 0.796875 0.709375 0.793750 0.709375 0.792188 0.710938 0.792188 0.714063 0.798438 0.714063 0.801562 0.710938
0 0.148438 0.698438 0.137500 0.698438 0.135937 0.700000 0.135937 0.703125 0.137500 0.704688 0.137500 0.717187 0.134375 0.721875 0.134375 0.725000 0.137500 0.725000 0.137500 0.723437 0.140625 0.720313 0.140625 0.717187 0.142187 0.715625 0.142187 0.710938 0.148438 0.703125
0 0.712500 0.695312 0.712500 0.709375 0.715625 0.709375 0.717187 0.707812 0.718750 0.707812 0.718750 0.703125 0.717187 0.701562 0.717187 0.695312
0 0.825000 0.693750 0.821875 0.693750 0.821875 0.695312 0.820312 0.696875 0.820312 0.700000 0.818750 0.701562 0.818750 0.710938 0.820312 0.712500 0.823438 0.712500 0.823438 0.707812 0.825000 0.706250
0 0.801562 0.689063 0.796875 0.689063 0.796875 0.692187 0.793750 0.695312 0.792188 0.695312 0.792188 0.698438 0.795312 0.698438 0.796875 0.696875 0.801562 0.696875
0 0.750000 0.668750 0.737500 0.678125 0.735938 0.692187 0.740625 0.700000 0.739062 0.725000 0.742188 0.725000 0.745313 0.693750 0.756250 0.696875 0.757812 0.721875 0.762500 0.721875 0.764062 0.709375 0.773438 0.709375 0.773438 0.692187 0.753125 0.690625 0.750000 0.687500
0 0.332813 0.660937 0.326562 0.660937 0.298438 0.681250 0.292187 0.693750 0.290625 0.728125 0.295312 0.732812 0.309375 0.731250 0.309375 0.740625 0.303125 0.743750 0.309375 0.757812 0.318750 0.742188 0.329688 0.742188 0.339062 0.734375 0.342187 0.701562 0.321875 0.701562 0.314063 0.695312 0.314063 0.687500 0.331250 0.673438
0 0.173437 0.645312 0.164062 0.645312 0.162500 0.643750 0.157812 0.643750 0.145313 0.653125 0.145313 0.659375 0.150000 0.659375 0.154688 0.656250 0.160938 0.656250 0.162500 0.654687 0.167187 0.654687 0.167187 0.650000 0.168750 0.648438 0.173437 0.648438
0 0.779687 0.617188 0.773438 0.617188 0.771875 0.620313 0.759375 0.620313 0.756250 0.623437 0.756250 0.632812 0.759375 0.637500 0.759375 0.645312 0.757812 0.646875 0.757812 0.651563 0.759375 0.653125 0.762500 0.653125 0.768750 0.646875 0.768750 0.640625 0.770312 0.639062 0.768750 0.623437 0.770312 0.621875 0.779687 0.621875
0 0.934375 0.614062 0.926562 0.614062 0.921875 0.618750 0.921875 0.626563 0.914062 0.631250 0.915625 0.650000 0.912500 0.656250 0.907813 0.656250 0.909375 0.682813 0.904687 0.695312 0.910937 0.690625 0.918750 0.690625 0.926562 0.695312 0.931250 0.692187 0.928125 0.660937 0.932813 0.653125
0 0.795312 0.606250 0.795312 0.612500 0.798438 0.612500 0.798438 0.606250
0 0.392188 0.603125 0.389062 0.600000 0.384375 0.600000 0.379688 0.603125 0.371875 0.603125 0.370312 0.604688 0.367188 0.604688 0.367188 0.607812 0.371875 0.612500 0.378125 0.612500 0.378125 0.609375 0.381250 0.606250 0.392188 0.606250
0 0.810937 0.590625 0.809375 0.598437 0.817187 0.601562 0.817187 0.607812 0.828125 0.603125 0.848437 0.604688 0.848437 0.610938 0.840625 0.617188 0.848437 0.639062 0.840625 0.664062 0.854688 0.659375 0.868750 0.631250 0.865625 0.620313 0.870313 0.614062 0.865625 0.612500 0.865625 0.606250 0.875000 0.604688 0.876563 0.596875 0.840625 0.587500 0.832812 0.592187
0 0.396875 0.584375 0.396875 0.589063 0.401562 0.589063 0.403125 0.587500 0.403125 0.584375
0 0.689063 0.570312 0.675000 0.570312 0.670312 0.573438 0.667188 0.573438 0.665625 0.575000 0.660937 0.575000 0.660937 0.578125 0.670312 0.578125 0.678125 0.573438 0.689063 0.573438
0 0.571875 0.562500 0.440625 0.593750 0.450000 0.610938 0.368750 0.632812 0.451562 0.670312 0.450000 0.864062 0.368750 0.890625 0.450000 0.917188 0.440625 0.934375 0.551562 0.935937 0.546875 0.785937 0.571875 0.756250 0.546875 0.742188 0.548438 0.615625