0 0.650000 0.895312 0.648438 0.896875 0.648438 0.900000 0.650000 0.900000 0.651563 0.901563 0.651563 0.909375 0.654687 0.909375 0.654687 0.906250 0.656250 0.904687 0.656250 0.901563 0.653125 0.898438 0.653125 0.895312
0 0.468750 0.884375 0.468750 0.893750 0.478125 0.893750 0.478125 0.890625 0.476562 0.889062 0.476562 0.885938 0.475000 0.885938 0.473438 0.884375
0 0.732812 0.828125 0.734375 0.832812 0.740625 0.834375 0.740625 0.848437 0.745313 0.850000 0.748437 0.867188 0.750000 0.868750 0.764062 0.867188 0.767188 0.864062 0.767188 0.859375 0.762500 0.850000 0.760938 0.835938 0.750000 0.825000 0.743750 0.825000 0.740625 0.828125
0 0.450000 0.815625 0.450000 0.821875 0.456250 0.821875 0.459375 0.831250 0.459375 0.837500 0.450000 0.846875 0.450000 0.850000 0.453125 0.851562 0.453125 0.860938 0.464062 0.867188 0.482812 0.860938 0.485938 0.857812 0.484375 0.843750 0.475000 0.832812 0.475000 0.825000 0.471875 0.821875 0.454688 0.820312 0.453125 0.815625
0 0.409375 0.796875 0.387500 0.790625 0.312500 0.814063 0.307812 0.825000 0.287500 0.821875 0.264062 0.843750 0.217188 0.853125 0.250000 0.870313 0.265625 0.854688 0.287500 0.864062 0.287500 0.850000 0.307812 0.845313 0.325000 0.865625 0.326562 0.853125 0.314063 0.851562 0.317188 0.837500 0.400000 0.812500
0 0.454688 0.762500 0.451562 0.778125 0.482812 0.779687 0.485938 0.801562 0.507812 0.800000 0.518750 0.790625 0.525000 0.775000 0.520312 0.753125 0.509375 0.740625 0.485938 0.740625 0.482812 0.760938
0 0.482812 0.679688 0.468750 0.673438 0.451562 0.678125 0.451562 0.696875 0.457813 0.701562 0.457813 0.715625 0.450000 0.717187 0.448437 0.721875 0.465625 0.720313 0.468750 0.717187 0.473438 0.717187 0.475000 0.707812 0.485938 0.693750 0.485938 0.684375
0 0.767188 0.665625 0.762500 0.665625 0.759375 0.668750 0.748437 0.668750 0.748437 0.679688 0.740625 0.693750 0.740625 0.706250 0.734375 0.707812 0.734375 0.712500 0.750000 0.715625 0.751563 0.710938 0.760938 0.704688 0.762500 0.690625 0.767188 0.681250
0 0.215625 0.667188 0.215625 0.689063 0.259375 0.696875 0.287500 0.720313 0.304688 0.712500 0.320312 0.731250 0.387500 0.750000 0.409375 0.743750 0.400000 0.728125 0.314063 0.701562 0.312500 0.689063 0.326562 0.687500 0.326562 0.678125 0.298438 0.693750 0.285938 0.687500 0.287500 0.676562 0.267188 0.684375 0.242188 0.667188
0 0.479687 0.646875 0.476562 0.646875 0.475000 0.648438 0.470313 0.648438 0.470313 0.650000 0.468750 0.651563 0.468750 0.656250 0.471875 0.656250 0.473438 0.654687 0.475000 0.654687 0.478125 0.651563 0.479687 0.651563
0 0.659375 0.620313 0.654687 0.620313 0.654687 0.623437 0.651563 0.626563 0.651563 0.635938 0.648438 0.640625 0.648438 0.645312 0.653125 0.645312 0.653125 0.642188 0.656250 0.637500 0.656250 0.626563 0.659375 0.623437
0 0.795312 0.571875 0.790625 0.571875 0.785937 0.576562 0.779687 0.590625 0.779687 0.609375 0.776563 0.628125 0.770312 0.637500 0.770312 0.648438 0.773438 0.648438 0.776563 0.639062 0.781250 0.634375 0.784375 0.615625 0.790625 0.607812
0 0.968750 0.554688 0.960938 0.556250 0.957812 0.567187 0.951562 0.571875 0.951562 0.585938 0.942187 0.596875 0.943750 0.628125 0.946875 0.637500 0.951562 0.635938 0.957812 0.625000 0.959375 0.614062 0.967187 0.600000 0.971875 0.581250
0 0.771875 0.464062 0.771875 0.468750 0.778125 0.471875 0.778125 0.479687 0.779687 0.481250 0.782813 0.481250 0.782813 0.476562 0.784375 0.475000 0.792188 0.475000 0.793750 0.471875 0.800000 0.471875 0.801562 0.470313 0.801562 0.467187 0.800000 0.465625 0.793750 0.464062 0.790625 0.460938 0.785937 0.460938 0.781250 0.457813 0.773438 0.459375 0.773438 0.462500