0 0.712500 0.835938 0.709375 0.835938 0.707812 0.840625 0.704688 0.840625 0.703125 0.843750 0.700000 0.843750 0.696875 0.850000 0.692187 0.850000 0.687500 0.853125 0.687500 0.856250 0.682813 0.859375 0.681250 0.864062 0.682813 0.868750 0.687500 0.868750 0.689063 0.865625 0.693750 0.865625 0.695312 0.860938 0.700000 0.856250 0.703125 0.856250 0.706250 0.851562 0.709375 0.851562 0.709375 0.842187 0.712500 0.840625
0 0.287500 0.832812 0.287500 0.840625 0.293750 0.840625 0.293750 0.837500 0.292187 0.837500 0.290625 0.835938 0.290625 0.832812
0 0.229687 0.837500 0.229687 0.840625 0.234375 0.842187 0.235937 0.851562 0.256250 0.853125 0.257812 0.868750 0.267188 0.867188 0.267188 0.857812 0.270313 0.853125 0.264062 0.845313 0.264062 0.839063 0.260937 0.839063 0.260937 0.846875 0.257812 0.850000 0.248438 0.850000 0.245312 0.826562 0.242188 0.826562 0.240625 0.835938
0 0.262500 0.818750 0.260937 0.820312 0.260937 0.828125 0.265625 0.828125 0.265625 0.818750
0 0.206250 0.812500 0.206250 0.815625 0.207813 0.817187 0.210938 0.817187 0.210938 0.814063 0.209375 0.812500
0 0.164062 0.787500 0.164062 0.793750 0.171875 0.803125 0.176563 0.803125 0.178125 0.806250 0.185938 0.807813 0.190625 0.803125 0.196875 0.803125 0.198437 0.806250 0.201563 0.806250 0.201563 0.798438 0.203125 0.796875 0.201563 0.789062 0.198437 0.789062 0.196875 0.793750 0.189062 0.793750 0.185938 0.789062 0.168750 0.790625 0.167187 0.787500
0 0.721875 0.795312 0.715625 0.792188 0.712500 0.798438 0.706250 0.798438 0.701562 0.790625 0.701562 0.779687 0.698438 0.779687 0.696875 0.785937 0.684375 0.785937 0.675000 0.792188 0.673438 0.796875 0.675000 0.814063 0.671875 0.826562 0.675000 0.829688 0.684375 0.826562 0.701562 0.829688 0.704688 0.820312 0.726562 0.826562
0 0.556250 0.775000 0.556250 0.778125 0.560937 0.782813 0.562500 0.782813 0.564063 0.784375 0.564063 0.785937 0.568750 0.785937 0.568750 0.775000
0 0.735938 0.757812 0.735938 0.760938 0.737500 0.762500 0.737500 0.764062 0.740625 0.764062 0.740625 0.760938 0.739062 0.759375 0.739062 0.757812
0 0.164062 0.767188 0.164062 0.773438 0.167187 0.776563 0.171875 0.776563 0.173437 0.773438 0.185938 0.773438 0.192188 0.779687 0.195312 0.779687 0.195312 0.771875 0.196875 0.770312 0.203125 0.770312 0.201563 0.764062 0.193750 0.764062 0.192188 0.759375 0.189062 0.759375 0.182812 0.754687 0.171875 0.756250 0.170313 0.762500
0 0.207813 0.743750 0.204687 0.743750 0.204687 0.745313 0.203125 0.746875 0.201563 0.746875 0.201563 0.750000 0.200000 0.751563 0.200000 0.754687 0.203125 0.754687 0.203125 0.753125 0.206250 0.750000 0.206250 0.748437 0.207813 0.746875
0 0.237500 0.731250 0.237500 0.734375 0.239063 0.735938 0.242188 0.735938 0.242188 0.732812 0.240625 0.731250
0 0.882812 0.718750 0.879687 0.718750 0.879687 0.723437 0.873437 0.726562 0.875000 0.731250 0.873437 0.759375 0.876563 0.768750 0.879687 0.768750 0.884375 0.762500 0.882812 0.756250 0.882812 0.746875 0.884375 0.745313 0.882812 0.731250 0.885938 0.729688 0.885938 0.726562 0.882812 0.725000
0 0.175000 0.714063 0.175000 0.728125 0.176563 0.729688 0.179688 0.729688 0.179688 0.728125 0.181250 0.726562 0.181250 0.718750 0.178125 0.715625 0.178125 0.714063
0 0.198437 0.710938 0.198437 0.718750 0.200000 0.720313 0.200000 0.728125 0.206250 0.728125 0.206250 0.725000 0.204687 0.723437 0.204687 0.712500 0.203125 0.712500 0.201563 0.710938
0 0.284375 0.704688 0.284375 0.707812 0.285938 0.709375 0.285938 0.718750 0.289062 0.718750 0.289062 0.715625 0.287500 0.714063 0.287500 0.704688
0 0.670312 0.698438 0.668750 0.710938 0.671875 0.714063 0.673438 0.735938 0.682813 0.740625 0.696875 0.737500 0.698438 0.746875 0.704688 0.746875 0.704688 0.739062 0.696875 0.737500 0.696875 0.728125 0.706250 0.726562 0.707812 0.735938 0.720313 0.728125 0.721875 0.715625 0.717187 0.701562 0.700000 0.703125 0.696875 0.693750 0.685937 0.700000
0 0.865625 0.690625 0.865625 0.695312 0.867188 0.696875 0.868750 0.696875 0.870313 0.698438 0.870313 0.701562 0.875000 0.701562 0.875000 0.690625
0 0.250000 0.687500 0.250000 0.700000 0.246875 0.703125 0.226562 0.706250 0.226562 0.721875 0.232813 0.721875 0.245312 0.707812 0.254688 0.706250 0.256250 0.720313 0.259375 0.721875 0.257812 0.737500 0.262500 0.737500 0.259375 0.718750 0.264062 0.706250 0.264062 0.692187 0.257812 0.687500
0 0.676562 0.660937 0.676562 0.668750 0.682813 0.668750 0.685937 0.673438 0.685937 0.676562 0.687500 0.676562 0.690625 0.681250 0.710938 0.684375 0.710938 0.681250 0.703125 0.681250 0.701562 0.679688 0.701562 0.673438 0.696875 0.673438 0.687500 0.662500 0.682813 0.659375
0 0.845313 0.637500 0.845313 0.640625 0.843750 0.642188 0.843750 0.645312 0.848437 0.645312 0.848437 0.637500
0 0.234375 0.635938 0.232813 0.639062 0.229687 0.640625 0.229687 0.643750 0.226562 0.646875 0.226562 0.650000 0.231250 0.653125 0.231250 0.664062 0.239063 0.665625 0.239063 0.662500 0.235937 0.662500 0.232813 0.657813 0.232813 0.650000 0.234375 0.648438 0.234375 0.643750 0.235937 0.640625 0.239063 0.639062 0.239063 0.635938
0 0.059375 0.632812 0.062500 0.671875 0.070312 0.679688 0.068750 0.692187 0.078125 0.706250 0.085938 0.706250 0.089063 0.715625 0.092188 0.715625 0.085938 0.696875 0.087500 0.678125 0.081250 0.675000 0.079687 0.660937 0.071875 0.646875 0.073438 0.635938
0 0.217188 0.631250 0.217188 0.634375 0.223438 0.634375 0.223438 0.631250
0 0.632812 0.603125 0.632812 0.607812 0.635938 0.607812 0.635938 0.603125
0 0.176563 0.603125 0.167187 0.609375 0.160938 0.609375 0.159375 0.603125 0.142187 0.603125 0.140625 0.607812 0.118750 0.610938 0.118750 0.615625 0.132812 0.621875 0.132812 0.631250 0.128125 0.632812 0.129688 0.651563 0.143750 0.675000 0.154688 0.682813 0.157812 0.679688 0.148438 0.662500 0.154688 0.637500 0.145313 0.617188 0.167187 0.615625 0.179688 0.621875 0.184375 0.606250
0 0.429688 0.565625 0.459375 0.937500 0.531250 0.878125 0.546875 0.910937 0.521875 0.937500 0.645312 0.898438 0.565625 0.876563 0.554688 0.790625 0.492188 0.846875 0.493750 0.781250 0.467187 0.773438 0.498437 0.687500 0.568750 0.764062 0.556250 0.660937 0.635938 0.632812