0 0.457813 0.895312 0.457813 0.898438 0.462500 0.898438 0.462500 0.895312
0 0.462500 0.881250 0.459375 0.881250 0.457813 0.882812 0.456250 0.882812 0.456250 0.885938 0.459375 0.885938 0.460938 0.884375 0.462500 0.884375
0 0.307812 0.842187 0.307812 0.845313 0.309375 0.846875 0.309375 0.853125 0.312500 0.853125 0.314063 0.851562 0.314063 0.843750 0.312500 0.842187
0 0.718750 0.831250 0.717187 0.839063 0.723437 0.843750 0.723437 0.854688 0.729688 0.864062 0.731250 0.876563 0.743750 0.878125 0.743750 0.875000 0.750000 0.871875 0.743750 0.843750 0.732812 0.831250
0 0.443750 0.815625 0.445312 0.832812 0.437500 0.839063 0.437500 0.842187 0.440625 0.843750 0.440625 0.853125 0.437500 0.854688 0.437500 0.857812 0.454688 0.860938 0.468750 0.856250 0.471875 0.842187 0.462500 0.828125 0.460938 0.818750
0 0.446875 0.789062 0.446875 0.792188 0.451562 0.792188 0.451562 0.789062
0 0.398438 0.792188 0.373437 0.784375 0.310937 0.796875 0.295312 0.817187 0.276562 0.809375 0.271875 0.828125 0.254688 0.821875 0.229687 0.835938 0.209375 0.832812 0.203125 0.843750 0.231250 0.859375 0.248438 0.853125 0.260937 0.835938 0.262500 0.846875 0.273438 0.851562 0.275000 0.837500 0.301563 0.834375 0.303125 0.823438 0.359375 0.815625 0.390625 0.804688
0 0.448437 0.739062 0.448437 0.742188 0.453125 0.742188 0.453125 0.739062
0 0.443750 0.757812 0.445312 0.773438 0.471875 0.778125 0.473438 0.796875 0.498437 0.795312 0.507812 0.787500 0.512500 0.775000 0.510938 0.753125 0.500000 0.739062 0.479687 0.735938 0.473438 0.739062 0.470313 0.756250
0 0.756250 0.673438 0.753125 0.673438 0.748437 0.678125 0.739062 0.678125 0.737500 0.687500 0.728125 0.703125 0.725000 0.714063 0.721875 0.715625 0.721875 0.720313 0.739062 0.723437 0.742188 0.717187 0.750000 0.712500 0.757812 0.684375
0 0.478125 0.678125 0.464062 0.671875 0.453125 0.671875 0.448437 0.675000 0.448437 0.684375 0.443750 0.685937 0.443750 0.689063 0.450000 0.695312 0.450000 0.710938 0.443750 0.712500 0.440625 0.718750 0.445312 0.718750 0.453125 0.714063 0.464062 0.714063 0.467187 0.710938 0.470313 0.701562 0.478125 0.692187
0 0.320312 0.671875 0.317188 0.671875 0.315625 0.673438 0.314063 0.673438 0.314063 0.676562 0.320312 0.676562
0 0.209375 0.657813 0.218750 0.682813 0.229687 0.675000 0.254688 0.682813 0.257812 0.692187 0.279687 0.687500 0.282813 0.709375 0.298438 0.703125 0.317188 0.723437 0.381250 0.742188 0.398438 0.735938 0.393750 0.721875 0.307812 0.695312 0.306250 0.681250 0.284375 0.679688 0.281250 0.665625 0.259375 0.671875 0.240625 0.654687
0 0.473438 0.635938 0.470313 0.635938 0.470313 0.642188 0.468750 0.643750 0.465625 0.643750 0.465625 0.648438 0.467187 0.650000 0.470313 0.650000 0.471875 0.648438 0.471875 0.640625 0.473438 0.639062
0 0.781250 0.582812 0.778125 0.582812 0.778125 0.592187 0.771875 0.600000 0.771875 0.617188 0.767188 0.637500 0.760938 0.650000 0.762500 0.656250 0.765625 0.656250 0.771875 0.645312 0.778125 0.620313 0.784375 0.615625 0.787500 0.585938 0.782813 0.585938
0 0.959375 0.571875 0.951562 0.575000 0.950000 0.584375 0.943750 0.589063 0.940625 0.610938 0.931250 0.614062 0.935937 0.654687 0.939063 0.654687 0.948438 0.642188 0.950000 0.632812 0.965625 0.604688 0.962500 0.575000
0 0.768750 0.471875 0.768750 0.475000 0.771875 0.479687 0.775000 0.481250 0.775000 0.484375 0.778125 0.485938 0.782813 0.485938 0.784375 0.489063 0.793750 0.489063 0.795312 0.490625 0.798438 0.490625 0.798438 0.478125 0.793750 0.475000 0.781250 0.473438 0.773438 0.470313 0.770312 0.470313