0 0.592187 0.926562 0.589063 0.926562 0.587500 0.928125 0.587500 0.931250 0.590625 0.931250 0.592187 0.929688
0 0.359375 0.854688 0.357812 0.881250 0.351562 0.885938 0.342187 0.885938 0.334375 0.900000 0.332813 0.910937 0.375000 0.923438 0.379688 0.920312 0.378125 0.887500 0.368750 0.885938 0.368750 0.876563 0.373437 0.873437 0.371875 0.860938 0.364063 0.860938 0.362500 0.854688
0 0.535937 0.821875 0.529687 0.821875 0.529687 0.825000 0.526563 0.826562 0.526563 0.829688 0.528125 0.831250 0.528125 0.839063 0.529687 0.840625 0.528125 0.854688 0.531250 0.854688 0.531250 0.846875 0.532813 0.845313 0.535937 0.845313 0.535937 0.842187 0.532813 0.840625 0.532813 0.828125 0.535937 0.826562
0 0.784375 0.817187 0.784375 0.823438 0.785937 0.825000 0.785937 0.828125 0.787500 0.828125 0.789062 0.829688 0.792188 0.829688 0.792188 0.828125 0.793750 0.826562 0.795312 0.826562 0.795312 0.821875 0.790625 0.817187
0 0.587500 0.800000 0.587500 0.810937 0.592187 0.810937 0.592187 0.809375 0.593750 0.807813 0.593750 0.800000
0 0.575000 0.781250 0.575000 0.790625 0.570312 0.792188 0.568750 0.803125 0.571875 0.807813 0.573438 0.818750 0.576562 0.818750 0.578125 0.821875 0.581250 0.821875 0.581250 0.818750 0.578125 0.818750 0.575000 0.814063 0.576562 0.793750 0.581250 0.792188 0.581250 0.789062 0.578125 0.787500 0.578125 0.781250
0 0.798438 0.773438 0.795312 0.773438 0.790625 0.776563 0.784375 0.776563 0.784375 0.779687 0.782813 0.781250 0.782813 0.787500 0.790625 0.787500 0.793750 0.784375 0.795312 0.784375 0.795312 0.779687 0.798438 0.776563
0 0.848437 0.765625 0.846875 0.767188 0.846875 0.770312 0.851562 0.770312 0.851562 0.765625
0 0.518750 0.760938 0.518750 0.770312 0.512500 0.771875 0.512500 0.775000 0.521875 0.775000 0.523438 0.781250 0.528125 0.781250 0.529687 0.785937 0.539062 0.785937 0.539062 0.782813 0.534375 0.779687 0.532813 0.775000 0.532813 0.764062 0.537500 0.762500 0.537500 0.759375 0.534375 0.756250 0.531250 0.756250 0.531250 0.765625 0.529687 0.767188 0.523438 0.767188 0.521875 0.760938
0 0.429688 0.750000 0.420312 0.748437 0.387500 0.782813 0.365625 0.781250 0.343750 0.754687 0.340625 0.778125 0.354687 0.798438 0.342187 0.831250 0.345313 0.854688 0.364063 0.828125 0.385937 0.825000 0.428125 0.856250 0.432812 0.818750 0.425000 0.817187 0.423438 0.796875 0.432812 0.782813
0 0.646875 0.735938 0.640625 0.745313 0.651563 0.817187 0.643750 0.821875 0.643750 0.873437 0.634375 0.884375 0.643750 0.878125 0.643750 0.868750 0.651563 0.867188 0.657813 0.815625 0.670312 0.806250 0.693750 0.807813 0.693750 0.796875 0.682813 0.795312 0.671875 0.803125 0.656250 0.787500 0.656250 0.759375
0 0.637500 0.723437 0.635938 0.725000 0.635938 0.729688 0.640625 0.729688 0.640625 0.723437
0 0.628125 0.715625 0.609375 0.721875 0.592187 0.714063 0.589063 0.735938 0.582812 0.737500 0.595313 0.740625 0.596875 0.759375 0.589063 0.768750 0.598437 0.776563 0.598437 0.795312 0.606250 0.798438 0.590625 0.850000 0.593750 0.892188 0.615625 0.882812 0.617188 0.870313 0.629687 0.864062 0.620313 0.854688 0.620313 0.751563 0.629687 0.746875 0.621875 0.737500
0 0.317188 0.651563 0.332813 0.712500 0.340625 0.721875 0.351562 0.720313 0.359375 0.739062 0.370312 0.746875 0.371875 0.734375 0.364063 0.734375 0.362500 0.726562 0.375000 0.715625 0.376563 0.685937 0.382812 0.678125 0.368750 0.678125 0.365625 0.645312 0.360938 0.645312 0.353125 0.675000 0.345313 0.673438 0.345313 0.646875
0 0.423438 0.635938 0.423438 0.650000 0.429688 0.650000 0.432812 0.646875 0.432812 0.643750 0.431250 0.643750 0.426563 0.639062 0.426563 0.635938
0 0.426563 0.610938 0.426563 0.614062 0.428125 0.614062 0.429688 0.615625 0.429688 0.620313 0.431250 0.621875 0.431250 0.625000 0.434375 0.628125 0.435937 0.628125 0.437500 0.629687 0.440625 0.629687 0.440625 0.625000 0.442188 0.623437 0.443750 0.623437 0.443750 0.621875 0.445312 0.620313 0.446875 0.620313 0.446875 0.617188 0.445312 0.617188 0.442188 0.612500 0.437500 0.612500 0.435937 0.610938
0 0.379688 0.609375 0.376563 0.617188 0.381250 0.620313 0.382812 0.628125 0.390625 0.632812 0.393750 0.653125 0.400000 0.660937 0.406250 0.662500 0.406250 0.650000 0.412500 0.646875 0.410938 0.635938 0.414062 0.631250 0.420312 0.631250 0.420312 0.626563 0.414062 0.621875 0.414062 0.618750 0.409375 0.618750 0.404687 0.626563 0.398438 0.626563 0.393750 0.610938
0 0.481250 0.607812 0.481250 0.610938 0.482812 0.612500 0.485938 0.612500 0.487500 0.610938 0.487500 0.607812
0 0.518750 0.590625 0.553125 0.635938 0.567187 0.637500 0.581250 0.671875 0.589063 0.660937 0.576562 0.648438 0.589063 0.642188 0.618750 0.646875 0.614062 0.667188 0.626563 0.662500 0.623437 0.635938 0.629687 0.634375 0.629687 0.621875 0.609375 0.604688 0.546875 0.612500 0.528125 0.590625