0 0.464062 0.896875 0.457813 0.896875 0.440625 0.904687 0.415625 0.904687 0.417187 0.912500 0.423438 0.912500 0.431250 0.917188 0.431250 0.923438 0.425000 0.926562 0.425000 0.931250 0.428125 0.934375 0.432812 0.931250 0.442188 0.931250 0.443750 0.935937 0.448437 0.935937 0.448437 0.932813 0.459375 0.925000 0.460938 0.903125 0.464062 0.901563
0 0.259375 0.865625 0.259375 0.868750 0.264062 0.868750 0.264062 0.865625
0 0.278125 0.865625 0.276562 0.875000 0.282813 0.876563 0.284375 0.892188 0.312500 0.903125 0.309375 0.889062 0.309375 0.873437 0.306250 0.870313 0.304688 0.854688 0.295312 0.857812 0.290625 0.862500
0 0.285938 0.825000 0.279687 0.825000 0.279687 0.828125 0.275000 0.832812 0.271875 0.832812 0.267188 0.835938 0.267188 0.840625 0.268750 0.840625 0.270313 0.843750 0.275000 0.843750 0.276562 0.846875 0.279687 0.846875 0.281250 0.843750 0.285938 0.839063 0.285938 0.834375 0.287500 0.832812 0.287500 0.828125
0 0.757812 0.814063 0.754687 0.817187 0.754687 0.823438 0.756250 0.825000 0.762500 0.825000 0.762500 0.823438 0.764062 0.821875 0.764062 0.820312 0.765625 0.818750 0.765625 0.815625 0.764062 0.814063
0 0.385937 0.812500 0.381250 0.812500 0.381250 0.817187 0.379688 0.818750 0.375000 0.818750 0.373437 0.820312 0.371875 0.820312 0.371875 0.826562 0.375000 0.826562 0.376563 0.828125 0.376563 0.829688 0.378125 0.829688 0.379688 0.831250 0.382812 0.831250 0.385937 0.828125 0.385937 0.826562 0.387500 0.825000 0.389062 0.825000 0.389062 0.815625
0 0.260937 0.809375 0.260937 0.815625 0.264062 0.815625 0.264062 0.809375
0 0.251563 0.787500 0.251563 0.792188 0.254688 0.792188 0.254688 0.787500
0 0.268750 0.775000 0.268750 0.787500 0.271875 0.787500 0.271875 0.775000
0 0.376563 0.764062 0.367188 0.771875 0.367188 0.775000 0.362500 0.779687 0.362500 0.785937 0.373437 0.800000 0.381250 0.801562 0.381250 0.792188 0.379688 0.790625 0.379688 0.773438 0.381250 0.771875 0.381250 0.764062
0 0.260937 0.745313 0.260937 0.746875 0.259375 0.748437 0.259375 0.753125 0.260937 0.754687 0.260937 0.757812 0.264062 0.757812 0.264062 0.745313
0 0.756250 0.739062 0.753125 0.742188 0.753125 0.745313 0.756250 0.748437 0.756250 0.750000 0.757812 0.751563 0.762500 0.751563 0.762500 0.750000 0.764062 0.748437 0.765625 0.748437 0.765625 0.743750 0.764062 0.743750 0.762500 0.742188 0.762500 0.740625 0.760938 0.740625 0.759375 0.739062
0 0.806250 0.734375 0.795312 0.739062 0.789062 0.753125 0.779687 0.754687 0.789062 0.778125 0.781250 0.812500 0.790625 0.812500 0.796875 0.828125 0.804688 0.828125 0.806250 0.817187 0.817187 0.807813 0.842187 0.807813 0.828125 0.795312 0.806250 0.789062 0.804688 0.781250 0.815625 0.770312 0.843750 0.762500 0.845313 0.750000 0.837500 0.750000 0.831250 0.759375 0.806250 0.750000
0 0.378125 0.734375 0.371875 0.742188 0.371875 0.745313 0.376563 0.745313 0.378125 0.746875 0.378125 0.748437 0.381250 0.751563 0.389062 0.751563 0.389062 0.750000 0.390625 0.748437 0.390625 0.743750 0.389062 0.742188 0.389062 0.740625 0.385937 0.737500 0.385937 0.735938 0.384375 0.734375
0 0.818750 0.734375 0.818750 0.739062 0.821875 0.742188 0.826562 0.742188 0.828125 0.740625 0.829688 0.740625 0.829688 0.739062 0.831250 0.737500 0.831250 0.732812 0.820312 0.732812
0 0.270313 0.721875 0.270313 0.723437 0.267188 0.726562 0.267188 0.731250 0.275000 0.732812 0.278125 0.735938 0.279687 0.739062 0.279687 0.742188 0.282813 0.742188 0.285938 0.739062 0.287500 0.739062 0.287500 0.729688 0.282813 0.723437 0.282813 0.721875 0.278125 0.721875 0.276562 0.720313 0.273438 0.720313
0 0.204687 0.710938 0.204687 0.714063 0.221875 0.714063 0.221875 0.710938
0 0.135937 0.706250 0.135937 0.712500 0.142187 0.712500 0.142187 0.709375 0.140625 0.707812 0.140625 0.706250
0 0.801562 0.671875 0.801562 0.679688 0.806250 0.684375 0.810937 0.684375 0.812500 0.682813 0.812500 0.678125 0.810937 0.676562 0.810937 0.675000 0.809375 0.673438 0.809375 0.671875 0.807813 0.670312 0.804688 0.670312 0.803125 0.671875
0 0.842187 0.659375 0.842187 0.662500 0.843750 0.664062 0.843750 0.667188 0.846875 0.667188 0.846875 0.664062 0.845313 0.662500 0.845313 0.659375
0 0.807813 0.650000 0.807813 0.653125 0.810937 0.656250 0.815625 0.656250 0.817187 0.654687 0.817187 0.650000
0 0.426563 0.632812 0.425000 0.639062 0.431250 0.642188 0.431250 0.650000 0.417187 0.654687 0.414062 0.660937 0.442188 0.662500 0.462500 0.670312 0.464062 0.665625 0.460938 0.660937 0.460938 0.651563 0.456250 0.646875 0.456250 0.639062 0.448437 0.632812 0.448437 0.629687 0.443750 0.629687 0.440625 0.632812
0 0.309375 0.623437 0.295312 0.625000 0.295312 0.632812 0.284375 0.639062 0.284375 0.656250 0.278125 0.659375 0.282813 0.689063 0.268750 0.692187 0.259375 0.700000 0.279687 0.695312 0.287500 0.698438 0.290625 0.706250 0.304688 0.707812 0.312500 0.670312 0.310937 0.642188 0.314063 0.635938
0 0.434375 0.607812 0.434375 0.610938 0.435937 0.612500 0.439063 0.612500 0.440625 0.614062 0.440625 0.615625 0.443750 0.615625 0.443750 0.612500 0.442188 0.612500 0.440625 0.610938 0.440625 0.609375 0.439063 0.609375 0.437500 0.607812
0 0.459375 0.601562 0.456250 0.601562 0.454688 0.603125 0.453125 0.603125 0.451562 0.604688 0.451562 0.609375 0.456250 0.609375 0.456250 0.607812 0.457813 0.606250 0.459375 0.606250
0 0.303125 0.598437 0.303125 0.601562 0.301563 0.603125 0.300000 0.603125 0.300000 0.607812 0.303125 0.610938 0.310937 0.610938 0.310937 0.604688 0.307812 0.601562 0.307812 0.600000 0.306250 0.598437
0 0.842187 0.596875 0.842187 0.604688 0.845313 0.604688 0.846875 0.603125 0.848437 0.603125 0.850000 0.601562 0.850000 0.596875
0 0.835938 0.570312 0.835938 0.578125 0.842187 0.578125 0.845313 0.575000 0.845313 0.571875 0.843750 0.570312
0 0.642188 0.568750 0.651563 0.718750 0.592187 0.721875 0.595313 0.775000 0.554688 0.782813 0.596875 0.792188 0.584375 0.842187 0.651563 0.846875 0.637500 0.910937 0.659375 0.914062 0.670312 0.800000 0.654687 0.789062 0.654687 0.828125 0.618750 0.821875 0.618750 0.742188 0.657813 0.742188 0.648438 0.787500 0.670312 0.765625 0.659375 0.573438
0 0.279687 0.571875 0.279687 0.575000 0.287500 0.575000 0.295312 0.581250 0.301563 0.581250 0.314063 0.590625 0.320312 0.590625 0.321875 0.589063 0.318750 0.579688 0.306250 0.570312 0.301563 0.568750 0.282813 0.568750