0 0.560937 0.839063 0.548438 0.837500 0.543750 0.845313 0.529687 0.842187 0.537500 0.850000 0.531250 0.923438 0.537500 0.932813 0.543750 0.929688 0.545312 0.914062 0.553125 0.914062 0.554688 0.926562 0.557813 0.926562 0.562500 0.909375 0.564063 0.842187
0 0.306250 0.829688 0.303125 0.829688 0.303125 0.831250 0.301563 0.832812 0.301563 0.835938 0.304688 0.835938 0.306250 0.834375
0 0.323437 0.828125 0.321875 0.832812 0.317188 0.832812 0.317188 0.837500 0.323437 0.846875 0.323437 0.865625 0.331250 0.870313 0.343750 0.870313 0.345313 0.868750 0.343750 0.846875 0.351562 0.840625 0.359375 0.840625 0.359375 0.837500 0.348438 0.837500 0.340625 0.831250
0 0.496875 0.795312 0.489063 0.800000 0.482812 0.828125 0.464062 0.837500 0.471875 0.870313 0.475000 0.914062 0.481250 0.907813 0.482812 0.882812 0.490625 0.881250 0.501563 0.860938 0.501563 0.846875 0.507812 0.843750 0.504687 0.829688 0.498437 0.823438 0.500000 0.796875
0 0.332813 0.795312 0.332813 0.796875 0.331250 0.798438 0.331250 0.815625 0.334375 0.815625 0.337500 0.818750 0.342187 0.818750 0.342187 0.807813 0.340625 0.807813 0.339062 0.806250 0.339062 0.803125 0.337500 0.801562 0.337500 0.796875 0.335938 0.795312
0 0.345313 0.746875 0.339062 0.746875 0.335938 0.751563 0.332813 0.751563 0.332813 0.765625 0.334375 0.767188 0.334375 0.768750 0.337500 0.768750 0.337500 0.765625 0.340625 0.762500 0.340625 0.760938 0.345313 0.753125
0 0.353125 0.692187 0.340625 0.692187 0.339062 0.698438 0.331250 0.700000 0.329688 0.723437 0.321875 0.725000 0.320312 0.728125 0.307812 0.729688 0.307812 0.732812 0.323437 0.731250 0.328125 0.734375 0.337500 0.734375 0.351562 0.729688 0.362500 0.729688 0.364063 0.723437 0.351562 0.721875
0 0.485938 0.668750 0.468750 0.737500 0.485938 0.750000 0.489063 0.776563 0.500000 0.782813 0.501563 0.754687 0.517188 0.732812 0.507812 0.731250 0.498437 0.696875 0.490625 0.692187 0.492188 0.671875
0 0.770312 0.660937 0.673438 0.653125 0.695312 0.671875 0.668750 0.740625 0.673438 0.906250 0.696875 0.856250 0.703125 0.673438 0.740625 0.685937 0.735938 0.750000 0.714063 0.751563 0.734375 0.767188 0.731250 0.882812 0.743750 0.848437 0.768750 0.854688 0.748437 0.796875 0.773438 0.746875 0.746875 0.743750
0 0.485938 0.639062 0.485938 0.645312 0.490625 0.645312 0.490625 0.639062
0 0.479687 0.621875 0.479687 0.625000 0.478125 0.626563 0.476562 0.626563 0.476562 0.629687 0.478125 0.629687 0.479687 0.631250 0.479687 0.634375 0.484375 0.634375 0.484375 0.628125 0.485938 0.626563 0.485938 0.623437 0.484375 0.621875
0 0.507812 0.620313 0.507812 0.623437 0.512500 0.626563 0.512500 0.632812 0.510938 0.634375 0.510938 0.639062 0.515625 0.639062 0.515625 0.634375 0.517188 0.632812 0.523438 0.632812 0.523438 0.626563 0.525000 0.625000 0.525000 0.621875 0.514062 0.621875 0.512500 0.620313
0 0.314063 0.620313 0.310937 0.620313 0.310937 0.626563 0.309375 0.628125 0.309375 0.631250 0.312500 0.631250 0.312500 0.625000 0.314063 0.623437
0 0.365625 0.615625 0.357812 0.614062 0.356250 0.617188 0.351562 0.617188 0.350000 0.618750 0.329688 0.620313 0.331250 0.632812 0.339062 0.632812 0.342187 0.629687 0.345313 0.629687 0.345313 0.621875 0.346875 0.620313 0.354687 0.620313 0.356250 0.625000 0.360938 0.625000 0.360938 0.623437 0.365625 0.620313
0 0.542188 0.596875 0.537500 0.639062 0.546875 0.653125 0.543750 0.732812 0.537500 0.737500 0.562500 0.745313 0.568750 0.740625 0.571875 0.668750 0.556250 0.667188 0.556250 0.653125 0.546875 0.646875 0.543750 0.632812 0.560937 0.637500 0.571875 0.632812 0.573438 0.625000 0.550000 0.620313 0.550000 0.596875
0 0.553125 0.573438 0.550000 0.573438 0.550000 0.576562 0.548438 0.578125 0.546875 0.578125 0.546875 0.581250 0.550000 0.581250 0.550000 0.578125 0.551562 0.576562 0.553125 0.576562
0 0.535937 0.545312 0.535937 0.548438 0.537500 0.551562 0.542188 0.554688 0.542188 0.557813 0.543750 0.559375 0.548438 0.559375 0.550000 0.562500 0.553125 0.562500 0.553125 0.556250 0.554688 0.554688 0.557813 0.554688 0.557813 0.550000 0.556250 0.548438 0.548438 0.548438 0.546875 0.545312