0 0.460938 0.928125 0.460938 0.935937 0.464062 0.935937 0.464062 0.934375 0.465625 0.932813 0.465625 0.929688 0.464062 0.928125
0 0.464062 0.887500 0.448437 0.892188 0.445312 0.895312 0.417187 0.896875 0.417187 0.903125 0.420312 0.906250 0.428125 0.906250 0.431250 0.909375 0.431250 0.915625 0.428125 0.917188 0.429688 0.925000 0.450000 0.925000 0.454688 0.917188 0.459375 0.917188 0.462500 0.909375 0.462500 0.898438 0.465625 0.895312
0 0.264062 0.856250 0.267188 0.864062 0.285938 0.873437 0.284375 0.889062 0.290625 0.890625 0.296875 0.898438 0.317188 0.904687 0.314063 0.868750 0.306250 0.846875 0.295312 0.850000 0.293750 0.854688 0.284375 0.857812
0 0.209375 0.845313 0.209375 0.848437 0.210938 0.848437 0.212500 0.850000 0.217188 0.850000 0.218750 0.848437 0.228125 0.848437 0.228125 0.845313
0 0.825000 0.818750 0.823438 0.817187 0.821875 0.817187 0.820312 0.815625 0.817187 0.815625 0.812500 0.820312 0.812500 0.825000 0.814063 0.826562 0.820312 0.826562 0.825000 0.821875
0 0.287500 0.815625 0.284375 0.815625 0.282813 0.817187 0.282813 0.823438 0.279687 0.826562 0.275000 0.826562 0.273438 0.828125 0.273438 0.837500 0.275000 0.837500 0.278125 0.840625 0.278125 0.842187 0.284375 0.842187 0.284375 0.840625 0.290625 0.834375 0.290625 0.831250 0.292187 0.829688 0.292187 0.820312
0 0.753125 0.807813 0.751563 0.809375 0.751563 0.812500 0.750000 0.814063 0.750000 0.817187 0.751563 0.818750 0.751563 0.820312 0.757812 0.820312 0.760938 0.817187 0.760938 0.809375 0.759375 0.807813
0 0.390625 0.807813 0.384375 0.807813 0.379688 0.812500 0.378125 0.812500 0.376563 0.814063 0.376563 0.823438 0.378125 0.823438 0.379688 0.825000 0.387500 0.825000 0.390625 0.821875 0.390625 0.820312 0.395313 0.817187 0.395313 0.814063 0.393750 0.814063 0.392188 0.812500 0.392188 0.809375
0 0.264062 0.804688 0.264062 0.809375 0.265625 0.810937 0.270313 0.810937 0.270313 0.804688
0 0.257812 0.765625 0.254688 0.779687 0.256250 0.789062 0.268750 0.787500 0.273438 0.790625 0.276562 0.796875 0.281250 0.796875 0.281250 0.762500 0.273438 0.765625 0.273438 0.781250 0.268750 0.784375 0.260937 0.782813 0.260937 0.765625
0 0.378125 0.759375 0.373437 0.762500 0.370312 0.768750 0.364063 0.775000 0.364063 0.779687 0.376563 0.795312 0.384375 0.796875 0.384375 0.784375 0.382812 0.782813 0.384375 0.759375
0 0.271875 0.740625 0.268750 0.740625 0.267188 0.742188 0.267188 0.743750 0.265625 0.745313 0.265625 0.750000 0.270313 0.750000 0.270313 0.746875 0.271875 0.745313
0 0.750000 0.735938 0.750000 0.743750 0.753125 0.743750 0.754687 0.745313 0.760938 0.745313 0.760938 0.739062 0.759375 0.737500 0.759375 0.735938 0.757812 0.735938 0.756250 0.734375 0.753125 0.734375 0.751563 0.735938
0 0.378125 0.732812 0.375000 0.735938 0.375000 0.742188 0.378125 0.742188 0.384375 0.748437 0.390625 0.748437 0.393750 0.743750 0.393750 0.739062 0.392188 0.737500 0.392188 0.735938 0.389062 0.732812 0.389062 0.731250 0.381250 0.731250 0.379688 0.732812
0 0.803125 0.728125 0.793750 0.729688 0.785937 0.745313 0.775000 0.751563 0.787500 0.773438 0.775000 0.801562 0.796875 0.826562 0.803125 0.826562 0.801562 0.810937 0.810937 0.803125 0.825000 0.801562 0.834375 0.810937 0.840625 0.809375 0.837500 0.796875 0.800000 0.779687 0.801562 0.770312 0.837500 0.756250 0.840625 0.745313 0.812500 0.751563 0.801562 0.743750
0 0.812500 0.728125 0.812500 0.732812 0.817187 0.737500 0.821875 0.737500 0.821875 0.735938 0.823438 0.734375 0.825000 0.734375 0.825000 0.728125 0.823438 0.728125 0.821875 0.726562 0.818750 0.726562 0.817187 0.728125
0 0.273438 0.717187 0.271875 0.720313 0.271875 0.728125 0.275000 0.728125 0.276562 0.729688 0.281250 0.729688 0.282813 0.731250 0.282813 0.739062 0.287500 0.739062 0.292187 0.734375 0.292187 0.726562 0.289062 0.720313 0.285938 0.717187
0 0.564063 0.709375 0.564063 0.712500 0.568750 0.712500 0.568750 0.709375
0 0.239063 0.707812 0.239063 0.710938 0.242188 0.710938 0.243750 0.712500 0.248438 0.712500 0.248438 0.709375 0.246875 0.709375 0.245312 0.707812
0 0.198437 0.714063 0.201563 0.714063 0.203125 0.712500 0.223438 0.712500 0.225000 0.710938 0.226562 0.710938 0.226562 0.707812 0.220312 0.707812 0.218750 0.706250 0.210938 0.706250 0.206250 0.709375 0.198437 0.709375
0 0.801562 0.698438 0.801562 0.703125 0.804688 0.703125 0.804688 0.698438
0 0.829688 0.675000 0.829688 0.679688 0.834375 0.679688 0.834375 0.675000
0 0.796875 0.667188 0.796875 0.668750 0.795312 0.670312 0.795312 0.676562 0.796875 0.678125 0.798438 0.678125 0.801562 0.682813 0.804688 0.682813 0.804688 0.681250 0.806250 0.679688 0.807813 0.679688 0.807813 0.675000 0.806250 0.673438 0.806250 0.670312 0.803125 0.667188
0 0.837500 0.656250 0.837500 0.664062 0.840625 0.664062 0.840625 0.656250
0 0.803125 0.646875 0.803125 0.651563 0.804688 0.653125 0.806250 0.653125 0.807813 0.654687 0.810937 0.654687 0.812500 0.653125 0.812500 0.650000 0.810937 0.648438 0.810937 0.646875
0 0.426563 0.629687 0.431250 0.639062 0.431250 0.646875 0.418750 0.650000 0.415625 0.659375 0.442188 0.659375 0.464062 0.667188 0.462500 0.650000 0.456250 0.635938 0.451562 0.634375 0.448437 0.626563 0.440625 0.629687
0 0.314063 0.620313 0.301563 0.621875 0.301563 0.631250 0.290625 0.632812 0.287500 0.654687 0.281250 0.660937 0.284375 0.681250 0.276562 0.682813 0.275000 0.690625 0.265625 0.692187 0.265625 0.701562 0.284375 0.695312 0.287500 0.704688 0.307812 0.707812 0.317188 0.665625
0 0.459375 0.617188 0.459375 0.623437 0.460938 0.625000 0.460938 0.628125 0.464062 0.628125 0.464062 0.617188
0 0.434375 0.606250 0.434375 0.609375 0.435937 0.609375 0.437500 0.610938 0.437500 0.612500 0.440625 0.612500 0.440625 0.606250
0 0.304688 0.596875 0.303125 0.598437 0.303125 0.604688 0.306250 0.607812 0.307812 0.607812 0.310937 0.610938 0.315625 0.610938 0.315625 0.603125 0.312500 0.600000 0.312500 0.598437 0.310937 0.598437 0.309375 0.596875
0 0.457813 0.595313 0.457813 0.596875 0.456250 0.598437 0.456250 0.607812 0.460938 0.607812 0.462500 0.606250 0.467187 0.606250 0.467187 0.603125 0.465625 0.603125 0.464062 0.601562 0.464062 0.598437 0.462500 0.598437 0.460938 0.596875 0.460938 0.595313
0 0.843750 0.593750 0.839063 0.593750 0.837500 0.595313 0.835938 0.595313 0.835938 0.600000 0.842187 0.600000 0.842187 0.598437 0.843750 0.596875
0 0.829688 0.567187 0.829688 0.576562 0.835938 0.576562 0.839063 0.573438 0.839063 0.568750 0.834375 0.568750 0.832812 0.567187
0 0.637500 0.567187 0.648438 0.712500 0.581250 0.718750 0.593750 0.770312 0.550000 0.779687 0.595313 0.789062 0.593750 0.828125 0.565625 0.846875 0.650000 0.842187 0.635938 0.890625 0.650000 0.917188 0.665625 0.906250 0.668750 0.785937 0.653125 0.779687 0.667188 0.762500 0.665625 0.645312 0.651563 0.629687 0.657813 0.573438
0 0.284375 0.570312 0.285938 0.575000 0.292187 0.575000 0.300000 0.581250 0.307812 0.581250 0.318750 0.590625 0.323437 0.590625 0.325000 0.593750 0.328125 0.593750 0.328125 0.590625 0.325000 0.589063 0.323437 0.578125 0.306250 0.567187 0.303125 0.567187 0.300000 0.564063 0.293750 0.564063 0.292187 0.567187 0.287500 0.567187